M=1.75;
k=2.9e-4;
g=9.8;
L=0.51;
R=23.2;
x0=5.0e-3;
i0=1.21;
e0=24.6;

Ki=2*k*i0/x0.^2;
Kx=2*k*i0.^2/x0.^3;