"","child","aged","city","birth.rate","income","second.and.third","unemployment","dual.income"
"child",1,-0.87,-0.458,0.907,-0.311,0.189,0.207,-0.063
"aged",-0.87,1,-0.509,0.714,-0.441,-0.018,-0.007,-0.098
"city",-0.458,-0.509,1,0.371,0.117,-0.041,0.026,-0.27
"birth.rate",0.907,0.714,0.371,1,0.101,-0.176,-0.325,0.013
"income",-0.311,-0.441,0.117,0.101,1,0.448,-0.407,-0.372
"second.and.third",0.189,-0.018,-0.041,-0.176,0.448,1,-0.144,0.101
"unemployment",0.207,-0.007,0.026,-0.325,-0.407,-0.144,1,-0.655
"dual.income",-0.063,-0.098,-0.27,0.013,-0.372,0.101,-0.655,1
