"","child","aged","city","birth.rate","income","second.and.third","unemployment","dual.income"
"child",1,-0.454,-0.082,0.687,-0.077,0.156,0.1,-0.013
"aged",-0.454,1,-0.653,0.231,-0.722,-0.667,-0.162,0.533
"city",-0.082,-0.653,1,-0.439,0.671,0.479,0.122,-0.578
"birth.rate",0.687,0.231,-0.439,1,-0.54,-0.296,-0.16,0.41
"income",-0.077,-0.722,0.671,-0.54,1,0.768,-0.148,-0.448
"second.and.third",0.156,-0.667,0.479,-0.296,0.768,1,-0.209,-0.275
"unemployment",0.1,-0.162,0.122,-0.16,-0.148,-0.209,1,-0.597
"dual.income",-0.013,0.533,-0.578,0.41,-0.448,-0.275,-0.597,1
